Stats of Experiment phoenix2014t_dec_bsl1k_pretraining_batch_4:

Train losses:
[5.34, 4.72, 4.495, 4.372, 4.268, 4.095, 4.05, 4.028, 4.003, 3.986, 3.969, 3.922, 3.937, 3.915, 3.934, 3.978, 3.922, 3.939, 3.951, 3.957, 3.977, 3.976, 3.975, 3.966, 3.954, 3.983, 3.949, 3.944, 3.913, 3.945, 3.949, 3.936, 3.941, 3.939, 3.969, 3.911, 3.973, 3.938, 3.964, 3.977, 3.931, 3.951, 3.914, 3.925, 3.961, 3.937, 3.959, 3.948, 3.973, 3.982]

Dev losses:
[5.097, 5.01, 4.794, 4.789, 4.573, 4.476, 4.427, 4.377, 4.36, 4.383, 4.381, 4.377, 4.379, 4.372, 4.374, 4.375, 4.374, 4.371, 4.37, 4.377, 4.368, 4.374, 4.361, 4.374, 4.373, 4.369, 4.36, 4.37, 4.361, 4.365, 4.364, 4.367, 4.364, 4.358, 4.368, 4.363, 4.36, 4.365, 4.369, 4.355, 4.368, 4.363, 4.36, 4.36, 4.361, 4.362, 4.359, 4.366, 4.358, 4.359]

Train per-instance accuracies:
[0.083, 0.151, 0.171, 0.186, 0.197, 0.225, 0.232, 0.248, 0.233, 0.247, 0.243, 0.252, 0.25, 0.255, 0.249, 0.248, 0.255, 0.243, 0.245, 0.248, 0.243, 0.247, 0.243, 0.246, 0.249, 0.247, 0.25, 0.244, 0.255, 0.253, 0.25, 0.243, 0.254, 0.245, 0.248, 0.259, 0.247, 0.253, 0.255, 0.249, 0.248, 0.244, 0.253, 0.246, 0.249, 0.254, 0.255, 0.254, 0.25, 0.249]

Dev per-instance accuracies:
[0.125, 0.166, 0.166, 0.185, 0.202, 0.227, 0.235, 0.25, 0.249, 0.252, 0.243, 0.256, 0.254, 0.252, 0.252, 0.252, 0.256, 0.254, 0.25, 0.254, 0.254, 0.25, 0.254, 0.254, 0.252, 0.258, 0.254, 0.252, 0.254, 0.258, 0.256, 0.258, 0.258, 0.256, 0.258, 0.254, 0.26, 0.258, 0.258, 0.254, 0.262, 0.256, 0.252, 0.256, 0.26, 0.262, 0.258, 0.256, 0.262, 0.256]